Python 2.7.11 (v2.7.11:6d1b6a68f775, Dec  5 2015, 20:40:30) [MSC v.1500 64 bit (AMD64)] on win32
Type "copyright", "credits" or "license()" for more information.
>>> 
=========== RESTART: C:\Users\SHUBHAM JAIN\Documents\ml2\part2.py ===========
[[ 4.02941176  2.5         2.375      ...,  1.8125      4.33333333
   4.05555556]
 [ 0.          4.          0.         ...,  0.          4.          0.        ]
 [ 4.          0.          0.         ...,  0.          2.          4.        ]
 ..., 
 [ 2.          0.          0.         ...,  0.          5.          0.        ]
 [ 4.6         5.          0.         ...,  0.          0.          4.54545455]
 [ 3.53125     4.          3.66666667 ...,  2.5625      1.          3.78947368]]
0
1 1
4.02941176471
1 1
4.02941176471
1 1
4.02941176471
1 1
4.02941176471
1 1
4.02941176471
1 1
4.02941176471
1 1
4.02941176471
1 1
4.02941176471
1 1
4.02941176471
1 1
4.02941176471
1 2
2.5
1 2
2.5
1 2
2.5
1 2
2.5
1 2
2.5
1 2
2.5
1 2
2.5
1 2
2.5
1 2
2.5
1 2
2.5
1 3
2.375
1 3
2.375
1 3
2.375
1 3
2.375
1 3
2.375
1 3
2.375
1 3
2.375
1 3
2.375
1 3
2.375
1 3
2.375
1 4
2.66666666667
1 4
2.66666666667
1 4
2.66666666667
1 4
2.66666666667
1 4
2.66666666667
1 4
2.66666666667
1 4
2.66666666667
1 4
2.66666666667
1 4
2.66666666667
1 4
2.66666666667
1 5
4.5
1 5
4.5
1 5
4.5
1 5
4.5
1 5
4.5
1 5
4.5
1 5
4.5
1 5
4.5
1 5
4.5
1 5
4.5
1 6
3.64516129032
1 6
3.64516129032
1 6
3.64516129032
1 6
3.64516129032
1 6
3.64516129032
1 6
3.64516129032
1 6
3.64516129032
1 6
3.64516129032
1 6
3.64516129032
1 6
3.64516129032
1 7
3.34615384615
1 7
3.34615384615
1 7
3.34615384615
1 7
3.34615384615
1 7
3.34615384615
1 7
3.34615384615
1 7
3.34615384615
1 7
3.34615384615
1 7
3.34615384615
1 7
3.34615384615
1 8
4.0
1 8
4.0
1 8
4.0
1 8
4.0
1 8
4.0
1 8
4.0
1 8
4.0
1 8
4.0
1 8
4.0
1 8
4.0
1 9
4.57142857143
1 9
4.57142857143
1 9
4.57142857143
1 9
4.57142857143
1 9
4.57142857143
1 9
4.57142857143
1 9
4.57142857143
1 9
4.57142857143
1 9
4.57142857143
1 9
4.57142857143
1 10
2.0
1 10
2.0
1 10
2.0
1 10
2.0
1 10
2.0
1 10
2.0
1 10
2.0
1 10
2.0
1 10
2.0
1 10
2.0
1 11
4.53846153846
1 11
4.53846153846
1 11
4.53846153846
1 11
4.53846153846
1 11
4.53846153846
1 11
4.53846153846
1 11
4.53846153846
1 11
4.53846153846
1 11
4.53846153846
1 11
4.53846153846
1 12
4.0
1 12
4.0
1 12
4.0
1 12
4.0
1 12
4.0
1 12
4.0
1 12
4.0
1 12
4.0
1 12
4.0
1 12
4.0
1 13
2.8
1 13
2.8
1 13
2.8
1 13
2.8
1 13
2.8
1 13
2.8
1 13
2.8
1 13
2.8
1 13
2.8
1 13
2.8
1 14
4.125
1 14
4.125
1 14
4.125
1 14
4.125
1 14
4.125
1 14
4.125
1 14
4.125
1 14
4.125
1 14
4.125
1 14
4.125
1 15
1.0
1 15
1.0
1 15
1.0
1 15
1.0
1 15
1.0
1 15
1.0
1 15
1.0
1 15
1.0
1 15
1.0
1 15
1.0
1 16
3.5
1 16
3.5
1 16
3.5
1 16
3.5
1 16
3.5
1 16
3.5
1 16
3.5
1 16
3.5
1 16
3.5
1 16
3.5
1 17
1.33333333333
1 17
1.33333333333
1 17
1.33333333333
1 17
1.33333333333
1 17
1.33333333333
1 17
1.33333333333
1 17
1.33333333333
1 17
1.33333333333
1 17
1.33333333333
1 17
1.33333333333
1 18
1.8125
1 18
1.8125
1 18
1.8125
1 18
1.8125
1 18
1.8125
1 18
1.8125
1 18
1.8125
1 18
1.8125
1 18
1.8125
1 18
1.8125
1 19
4.33333333333
1 19
4.33333333333
1 19
4.33333333333
1 19
4.33333333333
1 19
4.33333333333
1 19
4.33333333333
1 19
4.33333333333
1 19
4.33333333333
1 19
4.33333333333
1 19
4.33333333333
1 20
4.05555555556
1 20
4.05555555556
1 20
4.05555555556
1 20
4.05555555556
1 20
4.05555555556
1 20
4.05555555556
1 20
4.05555555556
1 20
4.05555555556
1 20
4.05555555556
1 20
4.05555555556
1
2 1
0.0

Traceback (most recent call last):
  File "C:\Users\SHUBHAM JAIN\Documents\ml2\part2.py", line 144, in <module>
    utility_copy[i][j] = guess(i+1, j+1, n)
  File "C:\Users\SHUBHAM JAIN\Documents\ml2\part2.py", line 116, in guess
    result = topMatches(y,x,top_n)
  File "C:\Users\SHUBHAM JAIN\Documents\ml2\part2.py", line 102, in topMatches
    sim = pcs(i,userid)
  File "C:\Users\SHUBHAM JAIN\Documents\ml2\part2.py", line 63, in pcs
    if utility[x][item] != 0 and utility[y][item] != 0:
IndexError: index 20 is out of bounds for axis 0 with size 20
>>> 
=========== RESTART: C:\Users\SHUBHAM JAIN\Documents\ml2\part2.py ===========
[[ 4.02941176  2.5         2.375      ...,  1.8125      4.33333333
   4.05555556]
 [ 0.          4.          0.         ...,  0.          4.          0.        ]
 [ 4.          0.          0.         ...,  0.          2.          4.        ]
 ..., 
 [ 2.          0.          0.         ...,  0.          5.          0.        ]
 [ 4.6         5.          0.         ...,  0.          0.          4.54545455]
 [ 3.53125     4.          3.66666667 ...,  2.5625      1.          3.78947368]]
0

Traceback (most recent call last):
  File "C:\Users\SHUBHAM JAIN\Documents\ml2\part2.py", line 139, in <module>
    for d in range(len(cluster_items[x])):
NameError: name 'x' is not defined
>>> 
=========== RESTART: C:\Users\SHUBHAM JAIN\Documents\ml2\part2.py ===========
[[ 4.02941176  2.5         2.375      ...,  1.8125      4.33333333
   4.05555556]
 [ 0.          4.          0.         ...,  0.          4.          0.        ]
 [ 4.          0.          0.         ...,  0.          2.          4.        ]
 ..., 
 [ 2.          0.          0.         ...,  0.          5.          0.        ]
 [ 4.6         5.          0.         ...,  0.          0.          4.54545455]
 [ 3.53125     4.          3.66666667 ...,  2.5625      1.          3.78947368]]
0
1 1
4.02941176471
1 1
4.02941176471
1 1
4.02941176471
1 1
4.02941176471
1 1
4.02941176471
1 1
4.02941176471
1 1
4.02941176471
1 1
4.02941176471
1 1
4.02941176471
1 1
4.02941176471
1 2
2.5
1 2
2.5
1 2
2.5
1 2
2.5
1 2
2.5
1 2
2.5
1 2
2.5
1 2
2.5
1 2
2.5
1 2
2.5
1 3
2.375
1 3
2.375
1 3
2.375
1 3
2.375
1 3
2.375
1 3
2.375
1 3
2.375
1 3
2.375
1 3
2.375
1 3
2.375
1 4
2.66666666667
1 4
2.66666666667
1 4
2.66666666667
1 4
2.66666666667
1 4
2.66666666667
1 4
2.66666666667
1 4
2.66666666667
1 4
2.66666666667
1 4
2.66666666667
1 4
2.66666666667
1 5
4.5
1 5
4.5
1 5
4.5
1 5
4.5
1 5
4.5
1 5
4.5
1 5
4.5
1 5
4.5
1 5
4.5
1 5
4.5
1 6
3.64516129032
1 6
3.64516129032
1 6
3.64516129032
1 6
3.64516129032
1 6
3.64516129032
1 6
3.64516129032
1 6
3.64516129032
1 6
3.64516129032
1 6
3.64516129032
1 6
3.64516129032
1 7
3.34615384615
1 7
3.34615384615
1 7
3.34615384615
1 7
3.34615384615
1 7
3.34615384615
1 7
3.34615384615
1 7
3.34615384615
1 7
3.34615384615
1 7
3.34615384615
1 7
3.34615384615
1 8
4.0
1 8
4.0
1 8
4.0
1 8
4.0
1 8
4.0
1 8
4.0
1 8
4.0
1 8
4.0
1 8
4.0
1 8
4.0
1 9
4.57142857143
1 9
4.57142857143
1 9
4.57142857143
1 9
4.57142857143
1 9
4.57142857143
1 9
4.57142857143
1 9
4.57142857143
1 9
4.57142857143
1 9
4.57142857143
1 9
4.57142857143
1 10
2.0
1 10
2.0
1 10
2.0
1 10
2.0
1 10
2.0
1 10
2.0
1 10
2.0
1 10
2.0
1 10
2.0
1 10
2.0
1 11
4.53846153846
1 11
4.53846153846
1 11
4.53846153846
1 11
4.53846153846
1 11
4.53846153846
1 11
4.53846153846
1 11
4.53846153846
1 11
4.53846153846
1 11
4.53846153846
1 11
4.53846153846
1 12
4.0
1 12
4.0
1 12
4.0
1 12
4.0
1 12
4.0
1 12
4.0
1 12
4.0
1 12
4.0
1 12
4.0
1 12
4.0
1 13
2.8
1 13
2.8
1 13
2.8
1 13
2.8
1 13
2.8
1 13
2.8
1 13
2.8
1 13
2.8
1 13
2.8
1 13
2.8
1 14
4.125
1 14
4.125
1 14
4.125
1 14
4.125
1 14
4.125
1 14
4.125
1 14
4.125
1 14
4.125
1 14
4.125
1 14
4.125
1 15
1.0
1 15
1.0
1 15
1.0
1 15
1.0
1 15
1.0
1 15
1.0
1 15
1.0
1 15
1.0
1 15
1.0
1 15
1.0
1 16
3.5
1 16
3.5
1 16
3.5
1 16
3.5
1 16
3.5
1 16
3.5
1 16
3.5
1 16
3.5
1 16
3.5
1 16
3.5
1 17
1.33333333333
1 17
1.33333333333
1 17
1.33333333333
1 17
1.33333333333
1 17
1.33333333333
1 17
1.33333333333
1 17
1.33333333333
1 17
1.33333333333
1 17
1.33333333333
1 17
1.33333333333
1 18
1.8125
1 18
1.8125
1 18
1.8125
1 18
1.8125
1 18
1.8125
1 18
1.8125
1 18
1.8125
1 18
1.8125
1 18
1.8125
1 18
1.8125
1 19
4.33333333333
1 19
4.33333333333
1 19
4.33333333333
1 19
4.33333333333
1 19
4.33333333333
1 19
4.33333333333
1 19
4.33333333333
1 19
4.33333333333
1 19
4.33333333333
1 19
4.33333333333
1 20
4.05555555556
1 20
4.05555555556
1 20
4.05555555556
1 20
4.05555555556
1 20
4.05555555556
1 20
4.05555555556
1 20
4.05555555556
1 20
4.05555555556
1 20
4.05555555556
1 20
4.05555555556
1
2 1
0.0

Traceback (most recent call last):
  File "C:\Users\SHUBHAM JAIN\Documents\ml2\part2.py", line 144, in <module>
    utility_copy[i][j] = guess(i+1, j+1, n)
  File "C:\Users\SHUBHAM JAIN\Documents\ml2\part2.py", line 116, in guess
    result = topMatches(y,x,top_n)
  File "C:\Users\SHUBHAM JAIN\Documents\ml2\part2.py", line 102, in topMatches
    sim = pcs(i,userid)
  File "C:\Users\SHUBHAM JAIN\Documents\ml2\part2.py", line 63, in pcs
    if utility[x][item] != 0 and utility[y][item] != 0:
IndexError: index 20 is out of bounds for axis 0 with size 20
>>> 